{
  "crowdSpawnInfos": [
    {
      "crowdTypeID": 65,
      "animConfigID": 1,
      "spawnPosition": {
        "x": -761.497,
        "y": 223.6648,
        "z": 332.9781
      },
      "spawnFaceFwd": {
        "x": 0.8892759,
        "z": 0.45737118
      },
      "hairColor": {
        "r": 0.25882354,
        "g": 0.25882354,
        "b": 0.25882354,
        "a": 1.0
      },
      "bodyColors": [
        {
          "r": 0.90588236,
          "g": 0.7882353,
          "b": 0.73333335,
          "a": 1.0
        },
        {
          "r": 0.42352942,
          "g": 0.4627451,
          "b": 0.5647059,
          "a": 1.0
        },
        {
          "r": 0.6745098,
          "g": 0.6666667,
          "b": 0.654902,
          "a": 1.0
        },
        {
          "r": 0.29803923,
          "g": 0.2784314,
          "b": 0.31764707,
          "a": 1.0
        }
      ]
    },
    {
      "crowdTypeID": 85,
      "spawnPosition": {
        "x": -760.84,
        "y": 223.6386,
        "z": 333.5566
      },
      "spawnFaceFwd": {
        "x": -0.8186833,
        "z": -0.5742451
      },
      "hairColor": {
        "r": 0.25882354,
        "g": 0.25882354,
        "b": 0.25882354,
        "a": 1.0
      },
      "bodyColors": [
        {
          "r": 0.93333334,
          "g": 0.8666667,
          "b": 0.84313726,
          "a": 1.0
        },
        {
          "r": 0.42352942,
          "g": 0.4627451,
          "b": 0.5647059,
          "a": 1.0
        },
        {
          "r": 0.6745098,
          "g": 0.6666667,
          "b": 0.654902,
          "a": 1.0
        },
        {
          "r": 0.29803923,
          "g": 0.2784314,
          "b": 0.31764707,
          "a": 1.0
        }
      ]
    },
    {
      "crowdTypeID": 65,
      "animConfigID": 6,
      "spawnPosition": {
        "x": -719.2178,
        "y": 222.8894,
        "z": 338.0237
      },
      "spawnFaceFwd": {
        "x": 0.73164403,
        "z": 0.6816869
      },
      "hairColor": {
        "r": 0.32156864,
        "g": 0.21568628,
        "b": 0.18039216,
        "a": 1.0
      },
      "bodyColors": [
        {
          "r": 0.90588236,
          "g": 0.7882353,
          "b": 0.73333335,
          "a": 1.0
        },
        {
          "r": 0.41960785,
          "g": 0.41960785,
          "b": 0.4117647,
          "a": 1.0
        },
        {
          "r": 0.3764706,
          "g": 0.28235295,
          "b": 0.28235295,
          "a": 1.0
        },
        {
          "r": 0.25490198,
          "g": 0.2627451,
          "b": 0.27058825,
          "a": 1.0
        }
      ]
    },
    {
      "crowdTypeID": 64,
      "animConfigID": 1,
      "spawnPosition": {
        "x": -718.3073,
        "y": 222.9048,
        "z": 338.519
      },
      "spawnFaceFwd": {
        "x": -0.93440056,
        "z": -0.3562243
      },
      "hairColor": {
        "r": 0.25882354,
        "g": 0.25882354,
        "b": 0.25882354,
        "a": 1.0
      },
      "bodyColors": [
        {
          "r": 0.90588236,
          "g": 0.7882353,
          "b": 0.73333335,
          "a": 1.0
        },
        {
          "r": 0.22352941,
          "g": 0.27058825,
          "b": 0.36078432,
          "a": 1.0
        },
        {
          "r": 0.5686275,
          "g": 0.57254905,
          "b": 0.6117647,
          "a": 1.0
        },
        {
          "r": 0.3137255,
          "g": 0.3882353,
          "b": 0.47843137,
          "a": 1.0
        }
      ]
    },
    {
      "crowdTypeID": 73,
      "animConfigID": 3,
      "spawnPosition": {
        "x": -710.5629,
        "y": 224.0773,
        "z": 307.7092
      },
      "spawnFaceFwd": {
        "x": -0.22858554,
        "z": 0.97352386
      },
      "hairColor": {
        "r": 0.25882354,
        "g": 0.25882354,
        "b": 0.25882354,
        "a": 1.0
      },
      "bodyColors": [
        {
          "r": 0.93333334,
          "g": 0.8666667,
          "b": 0.84313726,
          "a": 1.0
        },
        {
          "r": 0.6745098,
          "g": 0.6666667,
          "b": 0.654902,
          "a": 1.0
        },
        {
          "r": 0.42352942,
          "g": 0.4627451,
          "b": 0.5647059,
          "a": 1.0
        },
        {
          "r": 0.29803923,
          "g": 0.2784314,
          "b": 0.31764707,
          "a": 1.0
        }
      ]
    },
    {
      "crowdTypeID": 66,
      "animConfigID": 1,
      "spawnPosition": {
        "x": -711.338,
        "y": 223.8954,
        "z": 308.2824
      },
      "spawnFaceFwd": {
        "x": 0.97141594,
        "z": -0.2373842
      },
      "hairColor": {
        "r": 0.39607844,
        "g": 0.2784314,
        "b": 0.1882353,
        "a": 1.0
      },
      "bodyColors": [
        {
          "r": 0.90588236,
          "g": 0.7882353,
          "b": 0.73333335,
          "a": 1.0
        },
        {
          "r": 0.41960785,
          "g": 0.41960785,
          "b": 0.4117647,
          "a": 1.0
        },
        {
          "r": 0.3764706,
          "g": 0.28235295,
          "b": 0.28235295,
          "a": 1.0
        },
        {
          "r": 0.25490198,
          "g": 0.2627451,
          "b": 0.27058825,
          "a": 1.0
        }
      ]
    },
    {
      "crowdTypeID": 70,
      "animConfigID": 2,
      "spawnPosition": {
        "x": -700.9802,
        "y": 225.6575,
        "z": 296.3736
      },
      "spawnFaceFwd": {
        "x": 0.9638828,
        "z": -0.26632679
      },
      "hairColor": {
        "r": 0.25882354,
        "g": 0.25882354,
        "b": 0.25882354,
        "a": 1.0
      },
      "bodyColors": [
        {
          "r": 0.90588236,
          "g": 0.7882353,
          "b": 0.73333335,
          "a": 1.0
        },
        {
          "r": 0.5686275,
          "g": 0.57254905,
          "b": 0.6117647,
          "a": 1.0
        },
        {
          "r": 0.3137255,
          "g": 0.3882353,
          "b": 0.47843137,
          "a": 1.0
        },
        {
          "r": 0.22352941,
          "g": 0.27058825,
          "b": 0.36078432,
          "a": 1.0
        }
      ]
    },
    {
      "crowdTypeID": 64,
      "spawnPosition": {
        "x": -693.5848,
        "y": 223.2428,
        "z": 275.5636
      },
      "spawnFaceFwd": {
        "x": -0.66302526,
        "z": 0.748597
      },
      "hairColor": {
        "r": 0.25882354,
        "g": 0.25882354,
        "b": 0.25882354,
        "a": 1.0
      },
      "bodyColors": [
        {
          "r": 0.90588236,
          "g": 0.7882353,
          "b": 0.73333335,
          "a": 1.0
        },
        {
          "r": 0.22352941,
          "g": 0.27058825,
          "b": 0.36078432,
          "a": 1.0
        },
        {
          "r": 0.5686275,
          "g": 0.57254905,
          "b": 0.6117647,
          "a": 1.0
        },
        {
          "r": 0.3137255,
          "g": 0.3882353,
          "b": 0.47843137,
          "a": 1.0
        }
      ]
    },
    {
      "crowdTypeID": 78,
      "spawnPosition": {
        "x": -694.235,
        "y": 223.3232,
        "z": 276.1699
      },
      "spawnFaceFwd": {
        "x": 0.5655991,
        "z": -0.82468045
      },
      "hairColor": {
        "r": 0.25882354,
        "g": 0.25882354,
        "b": 0.25882354,
        "a": 1.0
      },
      "bodyColors": [
        {
          "r": 0.93333334,
          "g": 0.8666667,
          "b": 0.84313726,
          "a": 1.0
        },
        {
          "r": 0.4117647,
          "g": 0.35686275,
          "b": 0.39607844,
          "a": 1.0
        },
        {
          "r": 0.5647059,
          "g": 0.54901963,
          "b": 0.56078434,
          "a": 1.0
        },
        {
          "r": 0.26666668,
          "g": 0.20784314,
          "b": 0.23529412,
          "a": 1.0
        }
      ]
    },
    {
      "crowdTypeID": 76,
      "animConfigID": 8,
      "spawnPosition": {
        "x": -762.024,
        "y": 224.9531,
        "z": 309.0488
      },
      "spawnFaceFwd": {
        "z": 1.0
      },
      "hairColor": {
        "r": 0.2901961,
        "g": 0.31764707,
        "b": 0.3529412,
        "a": 1.0
      },
      "bodyColors": [
        {
          "r": 0.93333334,
          "g": 0.8666667,
          "b": 0.84313726,
          "a": 1.0
        },
        {
          "r": 0.41960785,
          "g": 0.41960785,
          "b": 0.4117647,
          "a": 1.0
        },
        {
          "r": 0.3764706,
          "g": 0.28235295,
          "b": 0.28235295,
          "a": 1.0
        },
        {
          "r": 0.25490198,
          "g": 0.2627451,
          "b": 0.27058825,
          "a": 1.0
        }
      ]
    },
    {
      "crowdTypeID": 88,
      "animConfigID": 1,
      "spawnPosition": {
        "x": -699.3345,
        "y": 225.6325,
        "z": 296.0655
      },
      "spawnFaceFwd": {
        "x": -0.9795658,
        "z": 0.2011239
      },
      "hairColor": {
        "r": 0.25882354,
        "g": 0.25882354,
        "b": 0.25882354,
        "a": 1.0
      },
      "bodyColors": [
        {
          "r": 0.93333334,
          "g": 0.8666667,
          "b": 0.84313726,
          "a": 1.0
        },
        {
          "r": 0.4117647,
          "g": 0.35686275,
          "b": 0.39607844,
          "a": 1.0
        },
        {
          "r": 0.5647059,
          "g": 0.54901963,
          "b": 0.56078434,
          "a": 1.0
        },
        {
          "r": 0.26666668,
          "g": 0.20784314,
          "b": 0.23529412,
          "a": 1.0
        }
      ]
    }
  ]
}